1;Genesis;50;26;1;1533;Old
2;Exodus;40;38;1534;2746;Old
3;Leviticus;27;34;2747;3605;Old
4;Numbers;36;13;3606;4893;Old
5;Deuteronomy;34;12;4894;5852;Old
6;Joshua;24;33;5853;6510;Old
7;Judges;21;25;6511;7128;Old
8;Ruth;4;22;7129;7213;Old
9;1 Samuel;31;13;7214;8023;Old
10;2 Samuel;24;25;8024;8718;Old
11;1 Kings;22;53;8719;9534;Old
12;2 Kings;25;30;9535;10253;Old
13;1 Chronicles;29;30;10254;11195;Old
14;2 Chronicles;36;23;11196;12017;Old
15;Ezra;10;44;12018;12297;Old
16;Nehemiah;13;31;12298;12703;Old
17;Esther;10;3;12704;12870;Old
18;Job;42;17;12871;13940;Old
19;Psalms;150;6;13941;16401;Old
20;Proverbs;31;31;16402;17316;Old
21;Ecclesiastes;12;14;17317;17538;Old
22;Song of Solomon;8;14;17539;17655;Old
23;Isaiah;66;24;17656;18947;Old
24;Jeremiah;52;34;18948;20311;Old
25;Lamentations;5;22;20312;20465;Old
26;Ezekiel;48;35;20466;21738;Old
27;Daniel;12;13;21739;22095;Old
28;Hosea;14;9;22096;22292;Old
29;Joel;3;21;22293;22365;Old
30;Amos;9;15;22366;22511;Old
31;Obadiah;1;21;22512;22532;Old
32;Jonah;4;11;22533;22580;Old
33;Micah;7;20;22581;22685;Old
34;Nahum;3;19;22686;22732;Old
35;Habakkuk;3;19;22733;22788;Old
36;Zephaniah;3;20;22789;22841;Old
37;Haggai;2;23;22842;22879;Old
38;Zechariah;14;21;22880;23090;Old
39;Malachi;4;6;23091;23145;Old
40;Matthew;28;20;23146;24216;New
41;Mark;16;20;24217;24894;New
42;Luke;24;53;24895;26045;New
43;John;21;25;26046;26924;New
44;Acts;28;31;26925;27931;New
45;Romans;16;27;27932;28364;New
46;1 Corinthians;16;24;28365;28801;New
47;2 Corinthians;13;14;28802;29058;New
48;Galatians;6;18;29059;29207;New
49;Ephesians;6;24;29208;29362;New
50;Philippians;4;23;29363;29466;New
51;Colossians;4;18;29467;29561;New
52;1 Thessalonians;5;28;29562;29650;New
53;2 Thessalonians;3;18;29651;29697;New
54;1 Timothy;6;21;29698;29810;New
55;2 Timothy;4;22;29811;29893;New
56;Titus;3;15;29894;29939;New
57;Philemon;1;25;29940;29964;New
58;Hebrews;13;25;29965;30267;New
59;James;5;20;30268;30375;New
60;1 Peter;5;14;30376;30480;New
61;2 Peter;3;18;30481;30541;New
62;1 John;5;21;30542;30646;New
63;2 John;1;13;30647;30659;New
64;3 John;1;14;30660;30673;New
65;Jude;1;25;30674;30698;New
66;Revelation;22;21;30699;31102;New
